0.6154;0.4615;0.3846;0.5385;0.5000;0.3913;0.5385;0.5484;0.6200;0.5000;0.6154;0.6415;0.6604;0.4464;0.7414;0.7414;0.6780
0.8462;0.5385;0.6154;0.6923;0.7727;0.5652;0.6538;0.6129;0.5600;0.4600;0.5577;0.5472;0.4717;0.5893;0.5345;0.5172;0.5254
0.6154;0.4231;0.3846;0.5385;0.5909;0.5217;0.6154;0.5161;0.5800;0.5400;0.4808;0.4717;0.5283;0.3571;0.6724;0.5172;0.4915
0.6154;0.3846;0.4231;0.8077;0.5000;0.5652;0.3462;0.5806;0.4200;0.4800;0.4423;0.5283;0.5094;0.4464;0.6552;0.4483;0.4407
0.8846;0.3846;0.5000;0.8077;0.9545;0.6522;0.6154;0.6452;0.5600;0.5400;0.5385;0.5849;0.6226;0.4821;0.7586;0.5690;0.4915
0.8462;0.4231;0.6154;0.3462;0.6818;0.5652;0.4615;0.4194;0.4600;0.4000;0.5000;0.5283;0.5094;0.4821;0.5172;0.5517;0.4576
0.8462;0.5000;0.6154;0.4231;0.6818;0.5217;0.5385;0.4194;0.0200;0.4200;0.4038;0.5283;0.4906;0.4643;0.5345;0.5517;0.4576
0.8846;0.4615;0.2692;0.8462;0.9545;0.4783;0.7692;0.6129;0.6600;0.5800;0.6538;0.6792;0.7358;0.5357;0.8793;0.5690;0.6610
0.6154;0.0769;0.3846;0.5769;0.0000;0.0435;0.0769;0.0645;0.1000;0.1600;0.0192;0.0000;0.3774;0.0000;0.0345;0.0000;0.0000
0.6154;0.4231;0.3846;0.5385;0.5909;0.5217;0.6154;0.5161;0.5800;0.5400;0.4808;0.4717;0.5283;0.3571;0.6724;0.5172;0.4915
0.6154;0.4231;0.3462;0.5385;0.6364;0.3478;0.6154;0.5806;0.5400;0.4800;0.5962;0.6226;0.6226;0.5357;0.6897;0.6034;0.6441
0.6154;0.5000;0.3462;0.5769;0.5000;0.4783;0.4231;0.5484;0.6000;0.5000;0.4038;0.4528;0.6038;0.4286;0.5000;0.4828;0.0169
0.8846;0.5000;0.6154;0.8462;0.9545;0.6957;0.8077;0.6774;0.6400;0.6400;0.6346;0.5472;0.7547;0.5536;0.8103;0.6724;0.6441
0.8846;0.3077;0.4615;0.8462;0.7273;0.5217;0.4615;0.4839;0.3400;0.4200;0.3654;0.3208;0.5472;0.3036;0.7241;0.4138;0.2203
0.8846;0.4231;0.3846;0.4615;0.6818;0.5217;0.6154;0.5484;0.3800;0.4000;0.3462;0.5283;0.4906;0.5000;0.5172;0.5517;0.4746
0.6154;0.5000;0.4231;0.8462;0.5455;0.4783;0.6154;0.5161;0.5400;0.5800;0.4808;0.3962;0.5849;0.4821;0.6207;0.4828;0.5254
0.8462;0.5769;0.6154;0.6923;0.9091;0.6087;0.7308;0.6129;0.5800;0.5000;0.5769;0.5849;0.4906;0.5893;0.7586;0.5172;0.5424
0.6154;0.4231;0.3846;0.5385;0.5909;0.5217;0.6154;0.5161;0.5800;0.5400;0.4808;0.4717;0.5283;0.3571;0.6724;0.5172;0.4915
0.8846;0.4615;0.5385;0.8462;0.8182;0.6957;0.7692;0.6774;0.6400;0.6600;0.5577;0.5283;0.7358;0.5357;0.6897;0.6034;0.6441
0.8846;0.3846;0.5000;0.8846;0.9545;0.6087;0.7692;0.6774;0.6200;0.6600;0.6731;0.4151;0.7736;0.5893;0.8966;0.6207;0.6441
0.6154;0.4231;0.3462;0.5385;0.5909;0.5217;0.5769;0.4839;0.5600;0.5200;0.5385;0.5472;0.5849;0.4643;0.6897;0.5690;0.5254
0.2692;0.5000;0.3846;0.5385;0.3636;0.4783;0.5385;0.5161;0.5200;0.5200;0.5769;0.4717;0.6038;0.5000;0.6897;0.5345;0.5593
0.8846;0.4615;0.5385;0.8462;0.8182;0.6957;0.7692;0.6774;0.6400;0.6600;0.5577;0.5283;0.7358;0.5357;0.6897;0.6034;0.6441
0.6154;0.5000;0.4231;0.8462;0.4545;0.4348;0.4615;0.4194;0.5400;0.5800;0.4615;0.3774;0.6038;0.4286;0.6207;0.4828;0.5254
0.6154;0.3846;0.4231;0.8077;0.5000;0.5652;0.3462;0.5806;0.4200;0.4800;0.4423;0.5283;0.5094;0.4464;0.6552;0.4483;0.4407
0.6154;0.5769;0.5385;0.8846;0.8182;0.6087;0.5769;0.6452;0.6400;0.5600;0.5000;0.4906;0.6226;0.5179;0.7414;0.5000;0.5254
0.6154;0.4231;0.3846;0.5385;0.4091;0.5217;0.5385;0.4516;0.5600;0.5400;0.4423;0.4717;0.5283;0.3214;0.6034;0.4828;0.4915
0.8846;0.3846;0.5000;0.8077;0.9091;0.6522;0.6154;0.6452;0.5600;0.5400;0.5385;0.6038;0.6226;0.4821;0.7586;0.5690;0.4915
0.8462;0.5385;0.6154;0.6923;0.7727;0.5652;0.6538;0.6129;0.5600;0.4600;0.5577;0.5472;0.4717;0.5893;0.5345;0.5172;0.5254
0.7308;0.4231;0.3846;0.5385;0.9545;0.6087;0.6923;0.5161;0.6000;0.5600;0.4808;0.4906;0.6226;0.3750;0.7586;0.6034;0.5424
0.6154;0.4231;0.3846;0.5385;0.4091;0.5217;0.5385;0.4516;0.5600;0.5400;0.4423;0.4717;0.5283;0.3214;0.6034;0.4828;0.4915
0.6154;0.4231;0.3846;0.5385;0.5455;0.5217;0.6154;0.5161;0.5800;0.5400;0.4808;0.4717;0.5283;0.3750;0.6724;0.5000;0.4915
0.8846;0.4615;0.5385;0.8462;0.8636;0.6957;0.8077;0.6774;0.6400;0.6600;0.5769;0.5283;0.7547;0.5357;0.6897;0.6034;0.6441
0.8846;0.4615;0.5385;0.8462;0.8182;0.6957;0.7692;0.6774;0.6400;0.6600;0.5577;0.5283;0.7358;0.5357;0.6897;0.6034;0.6441
0.8846;0.5385;0.5000;0.8077;0.9545;0.6522;0.6538;0.6452;0.5400;0.5000;0.5192;0.6226;0.6604;0.3571;0.7759;0.5690;0.2034
0.8846;0.5385;0.5000;0.8077;0.9545;0.6522;0.6538;0.6452;0.5400;0.5000;0.5192;0.6226;0.6604;0.3571;0.7759;0.5690;0.2034
0.8846;0.5385;0.3077;0.8846;0.9545;0.0435;0.7692;0.0323;0.4200;0.1800;0.3846;0.1132;0.5660;0.0179;0.6034;0.2931;0.2373
